37,93,75,14,12;
34,71,59,49,3;
88,12,2,17,58;
20,71,30,62,82;
74,4,43,69,7;
11,64,99,37,12;
74,20,94,56,82;
70,73,65,48,13;
5,67,58,33,56;
82,88,15,38,26;
95,41,19,14,80;
35,60,16,58,20;
44,89,78,57,90;
6,8,98,84,81;
37,64,69,68,73;
20,39,70,71,85;
67,95,8,43,97;
41,90,19,43,80;
85,99,11,5,55;
90,33,53,1,61;
49,77,93,59,63;
44,64,25,26,63;
20,96,4,45,12;
8,53,38,43,60;
84,30,95,70,75;
94,86,67,7,39;
85,60,30,61,58;
35,49,85,73,73;
43,61,30,70,12;
84,47,39,76,60;
62,88,56,91,97;
44,89,16,7,24;
28,47,76,97,28;
37,87,3,55,5;
1,4,86,99,39;
33,23,2,83,55;
33,21,48,81,37;
50,60,88,3,16;
12,10,5,96,4;
12,70,20,98,90;
30,66,54,9,17;
2,25,32,22,11;
9,39,50,95,74;
87,44,87,95,48;
35,8,20,61,91;
59,59,25,81,43;
59,80,73,15,39;
72,43,41,61,19;
86,69,99,89,29;
9,88,88,49,27;
50,29,84,32,23;
43,13,53,19,71;
58,6,84,47,84;
83,35,75,69,74;
54,16,90,21,93;
13,68,53,84,45;
13,35,69,82,52;
56,21,51,3,28;
25,46,39,68,65;
34,10,58,3,1;
21,2,56,47,5;
2,64,57,92,28;
71,31,83,57,66;
7,9,61,78,62;
22,69,73,95,94;
88,56,71,37,50;
61,6,71,80,75;
91,50,95,47,45;
14,34,9,76,87;
82,29,60,76,20;
47,71,42,92,13;
65,25,88,82,26;
54,41,56,69,14;
36,38,38,5,21;
68,77,90,13,11;
6,78,81,16,48;
22,30,57,10,9;
92,48,14,27,61;
37,75,97,12,41;
66,40,37,74,64;
43,34,1,56,96;
35,23,18,69,98;
85,75,5,48,47;
41,17,75,78,32;
71,57,20,10,55;
33,85,19,82,48;
46,46,95,72,34;
83,74,92,20,56;
14,31,2,82,91;
19,13,96,91,10;
32,78,68,35,13;
73,60,91,61,56;
24,57,45,72,80;
43,97,28,45,58;
78,43,24,78,39;
32,78,87,75,49;
5,38,75,8,93;
86,38,30,12,20;
66,82,15,74,21;
28,78,99,94,76;
